2022/04/27-00:45:24.267078 7f2c07a06cc0 RocksDB version: 6.17.0
2022/04/27-00:45:24.267180 7f2c07a06cc0 Git sha 0
2022/04/27-00:45:24.267276 7f2c07a06cc0 DB SUMMARY
2022/04/27-00:45:24.267278 7f2c07a06cc0 DB Session ID:  H394U5Z3KYEN9H4HAGKX
2022/04/27-00:45:24.267307 7f2c07a06cc0 CURRENT file:  CURRENT
2022/04/27-00:45:24.267307 7f2c07a06cc0 IDENTITY file:  IDENTITY
2022/04/27-00:45:24.267326 7f2c07a06cc0 MANIFEST file:  MANIFEST-000003 size: 3988 Bytes
2022/04/27-00:45:24.267329 7f2c07a06cc0 SST files in /home/ryan/ic-projects/dbank/.dfx/state/replicated_state/node-100/ic_consensus_pool/consensus dir, Total Num: 11, files: 000033.sst 000035.sst 000037.sst 000039.sst 000041.sst 000043.sst 000045.sst 000047.sst 000049.sst 
2022/04/27-00:45:24.267330 7f2c07a06cc0 Write Ahead Log file in /home/ryan/ic-projects/dbank/.dfx/state/replicated_state/node-100/ic_consensus_pool/consensus: 000004.log size: 5714677 ; 000031.log size: 10774383 ; 
2022/04/27-00:45:24.267331 7f2c07a06cc0                         Options.error_if_exists: 0
2022/04/27-00:45:24.267332 7f2c07a06cc0                       Options.create_if_missing: 1
2022/04/27-00:45:24.267333 7f2c07a06cc0                         Options.paranoid_checks: 1
2022/04/27-00:45:24.267333 7f2c07a06cc0                               Options.track_and_verify_wals_in_manifest: 0
2022/04/27-00:45:24.267334 7f2c07a06cc0                                     Options.env: 0x556d78405380
2022/04/27-00:45:24.267335 7f2c07a06cc0                                      Options.fs: Posix File System
2022/04/27-00:45:24.267336 7f2c07a06cc0                                Options.info_log: 0x556db1be4160
2022/04/27-00:45:24.267336 7f2c07a06cc0                Options.max_file_opening_threads: 16
2022/04/27-00:45:24.267337 7f2c07a06cc0                              Options.statistics: (nil)
2022/04/27-00:45:24.267338 7f2c07a06cc0                               Options.use_fsync: 1
2022/04/27-00:45:24.267339 7f2c07a06cc0                       Options.max_log_file_size: 0
2022/04/27-00:45:24.267339 7f2c07a06cc0                  Options.max_manifest_file_size: 1073741824
2022/04/27-00:45:24.267340 7f2c07a06cc0                   Options.log_file_time_to_roll: 0
2022/04/27-00:45:24.267341 7f2c07a06cc0                       Options.keep_log_file_num: 1000
2022/04/27-00:45:24.267341 7f2c07a06cc0                    Options.recycle_log_file_num: 0
2022/04/27-00:45:24.267342 7f2c07a06cc0                         Options.allow_fallocate: 1
2022/04/27-00:45:24.267343 7f2c07a06cc0                        Options.allow_mmap_reads: 0
2022/04/27-00:45:24.267343 7f2c07a06cc0                       Options.allow_mmap_writes: 0
2022/04/27-00:45:24.267344 7f2c07a06cc0                        Options.use_direct_reads: 0
2022/04/27-00:45:24.267345 7f2c07a06cc0                        Options.use_direct_io_for_flush_and_compaction: 0
2022/04/27-00:45:24.267345 7f2c07a06cc0          Options.create_missing_column_families: 1
2022/04/27-00:45:24.267346 7f2c07a06cc0                              Options.db_log_dir: 
2022/04/27-00:45:24.267347 7f2c07a06cc0                                 Options.wal_dir: /home/ryan/ic-projects/dbank/.dfx/state/replicated_state/node-100/ic_consensus_pool/consensus
2022/04/27-00:45:24.267347 7f2c07a06cc0                Options.table_cache_numshardbits: 6
2022/04/27-00:45:24.267348 7f2c07a06cc0                         Options.WAL_ttl_seconds: 0
2022/04/27-00:45:24.267348 7f2c07a06cc0                       Options.WAL_size_limit_MB: 0
2022/04/27-00:45:24.267349 7f2c07a06cc0                        Options.max_write_batch_group_size_bytes: 1048576
2022/04/27-00:45:24.267350 7f2c07a06cc0             Options.manifest_preallocation_size: 4194304
2022/04/27-00:45:24.267350 7f2c07a06cc0                     Options.is_fd_close_on_exec: 1
2022/04/27-00:45:24.267351 7f2c07a06cc0                   Options.advise_random_on_open: 1
2022/04/27-00:45:24.267352 7f2c07a06cc0                    Options.db_write_buffer_size: 0
2022/04/27-00:45:24.267352 7f2c07a06cc0                    Options.write_buffer_manager: 0x556db1c13460
2022/04/27-00:45:24.267353 7f2c07a06cc0         Options.access_hint_on_compaction_start: 1
2022/04/27-00:45:24.267364 7f2c07a06cc0  Options.new_table_reader_for_compaction_inputs: 0
2022/04/27-00:45:24.267365 7f2c07a06cc0           Options.random_access_max_buffer_size: 1048576
2022/04/27-00:45:24.267365 7f2c07a06cc0                      Options.use_adaptive_mutex: 0
2022/04/27-00:45:24.267366 7f2c07a06cc0                            Options.rate_limiter: (nil)
2022/04/27-00:45:24.267367 7f2c07a06cc0     Options.sst_file_manager.rate_bytes_per_sec: 0
2022/04/27-00:45:24.267368 7f2c07a06cc0                       Options.wal_recovery_mode: 2
2022/04/27-00:45:24.267368 7f2c07a06cc0                  Options.enable_thread_tracking: 0
2022/04/27-00:45:24.267369 7f2c07a06cc0                  Options.enable_pipelined_write: 0
2022/04/27-00:45:24.267370 7f2c07a06cc0                  Options.unordered_write: 0
2022/04/27-00:45:24.267370 7f2c07a06cc0         Options.allow_concurrent_memtable_write: 1
2022/04/27-00:45:24.267371 7f2c07a06cc0      Options.enable_write_thread_adaptive_yield: 1
2022/04/27-00:45:24.267372 7f2c07a06cc0             Options.write_thread_max_yield_usec: 100
2022/04/27-00:45:24.267372 7f2c07a06cc0            Options.write_thread_slow_yield_usec: 3
2022/04/27-00:45:24.267373 7f2c07a06cc0                               Options.row_cache: None
2022/04/27-00:45:24.267373 7f2c07a06cc0                              Options.wal_filter: None
2022/04/27-00:45:24.267374 7f2c07a06cc0             Options.avoid_flush_during_recovery: 0
2022/04/27-00:45:24.267375 7f2c07a06cc0             Options.allow_ingest_behind: 0
2022/04/27-00:45:24.267375 7f2c07a06cc0             Options.preserve_deletes: 0
2022/04/27-00:45:24.267376 7f2c07a06cc0             Options.two_write_queues: 0
2022/04/27-00:45:24.267377 7f2c07a06cc0             Options.manual_wal_flush: 0
2022/04/27-00:45:24.267377 7f2c07a06cc0             Options.atomic_flush: 0
2022/04/27-00:45:24.267378 7f2c07a06cc0             Options.avoid_unnecessary_blocking_io: 0
2022/04/27-00:45:24.267379 7f2c07a06cc0                 Options.persist_stats_to_disk: 0
2022/04/27-00:45:24.267379 7f2c07a06cc0                 Options.write_dbid_to_manifest: 0
2022/04/27-00:45:24.267380 7f2c07a06cc0                 Options.log_readahead_size: 0
2022/04/27-00:45:24.267381 7f2c07a06cc0                 Options.file_checksum_gen_factory: Unknown
2022/04/27-00:45:24.267381 7f2c07a06cc0                 Options.best_efforts_recovery: 0
2022/04/27-00:45:24.267382 7f2c07a06cc0                Options.max_bgerror_resume_count: 2147483647
2022/04/27-00:45:24.267383 7f2c07a06cc0            Options.bgerror_resume_retry_interval: 1000000
2022/04/27-00:45:24.267383 7f2c07a06cc0             Options.allow_data_in_errors: 0
2022/04/27-00:45:24.267384 7f2c07a06cc0             Options.db_host_id: __hostname__
2022/04/27-00:45:24.267385 7f2c07a06cc0             Options.max_background_jobs: 2
2022/04/27-00:45:24.267385 7f2c07a06cc0             Options.max_background_compactions: -1
2022/04/27-00:45:24.267386 7f2c07a06cc0             Options.max_subcompactions: 1
2022/04/27-00:45:24.267387 7f2c07a06cc0             Options.avoid_flush_during_shutdown: 0
2022/04/27-00:45:24.267387 7f2c07a06cc0           Options.writable_file_max_buffer_size: 1048576
2022/04/27-00:45:24.267388 7f2c07a06cc0             Options.delayed_write_rate : 16777216
2022/04/27-00:45:24.267388 7f2c07a06cc0             Options.max_total_wal_size: 0
2022/04/27-00:45:24.267389 7f2c07a06cc0             Options.delete_obsolete_files_period_micros: 21600000000
2022/04/27-00:45:24.267390 7f2c07a06cc0                   Options.stats_dump_period_sec: 600
2022/04/27-00:45:24.267391 7f2c07a06cc0                 Options.stats_persist_period_sec: 600
2022/04/27-00:45:24.267391 7f2c07a06cc0                 Options.stats_history_buffer_size: 1048576
2022/04/27-00:45:24.267392 7f2c07a06cc0                          Options.max_open_files: -1
2022/04/27-00:45:24.267392 7f2c07a06cc0                          Options.bytes_per_sync: 0
2022/04/27-00:45:24.267393 7f2c07a06cc0                      Options.wal_bytes_per_sync: 0
2022/04/27-00:45:24.267394 7f2c07a06cc0                   Options.strict_bytes_per_sync: 0
2022/04/27-00:45:24.267398 7f2c07a06cc0       Options.compaction_readahead_size: 0
2022/04/27-00:45:24.267399 7f2c07a06cc0                  Options.max_background_flushes: -1
2022/04/27-00:45:24.267400 7f2c07a06cc0 Compression algorithms supported:
2022/04/27-00:45:24.267401 7f2c07a06cc0 	kZSTDNotFinalCompression supported: 1
2022/04/27-00:45:24.267404 7f2c07a06cc0 	kZSTD supported: 1
2022/04/27-00:45:24.267405 7f2c07a06cc0 	kXpressCompression supported: 0
2022/04/27-00:45:24.267405 7f2c07a06cc0 	kLZ4HCCompression supported: 1
2022/04/27-00:45:24.267406 7f2c07a06cc0 	kLZ4Compression supported: 1
2022/04/27-00:45:24.267407 7f2c07a06cc0 	kBZip2Compression supported: 1
2022/04/27-00:45:24.267407 7f2c07a06cc0 	kZlibCompression supported: 1
2022/04/27-00:45:24.267408 7f2c07a06cc0 	kSnappyCompression supported: 1
2022/04/27-00:45:24.267411 7f2c07a06cc0 Fast CRC32 supported: Supported on x86
2022/04/27-00:45:24.267612 7f2c07a06cc0 [db/version_set.cc:4758] Recovering from manifest file: /home/ryan/ic-projects/dbank/.dfx/state/replicated_state/node-100/ic_consensus_pool/consensus/MANIFEST-000003
2022/04/27-00:45:24.268008 7f2c07a06cc0 [db/column_family.cc:595] --------------- Options for column family [default]:
2022/04/27-00:45:24.268011 7f2c07a06cc0               Options.comparator: leveldb.BytewiseComparator
2022/04/27-00:45:24.268012 7f2c07a06cc0           Options.merge_operator: None
2022/04/27-00:45:24.268013 7f2c07a06cc0        Options.compaction_filter: None
2022/04/27-00:45:24.268013 7f2c07a06cc0        Options.compaction_filter_factory: None
2022/04/27-00:45:24.268014 7f2c07a06cc0  Options.sst_partitioner_factory: None
2022/04/27-00:45:24.268014 7f2c07a06cc0         Options.memtable_factory: SkipListFactory
2022/04/27-00:45:24.268015 7f2c07a06cc0            Options.table_factory: BlockBasedTable
2022/04/27-00:45:24.268037 7f2c07a06cc0            table_factory options:   flush_block_policy_factory: FlushBlockBySizePolicyFactory (0x556db1c0f110)
  cache_index_and_filter_blocks: 0
  cache_index_and_filter_blocks_with_high_priority: 1
  pin_l0_filter_and_index_blocks_in_cache: 0
  pin_top_level_index_and_filter: 1
  index_type: 0
  data_block_index_type: 0
  index_shortening: 1
  data_block_hash_table_util_ratio: 0.750000
  hash_index_allow_collision: 1
  checksum: 1
  no_block_cache: 0
  block_cache: 0x556db1c0f160
  block_cache_name: LRUCache
  block_cache_options:
    capacity : 8388608
    num_shard_bits : 4
    strict_capacity_limit : 0
    memory_allocator : None
    high_pri_pool_ratio: 0.000
  block_cache_compressed: (nil)
  persistent_cache: (nil)
  block_size: 4096
  block_size_deviation: 10
  block_restart_interval: 16
  index_block_restart_interval: 1
  metadata_block_size: 4096
  partition_filters: 0
  use_delta_encoding: 1
  filter_policy: nullptr
  whole_key_filtering: 1
  verify_compression: 0
  read_amp_bytes_per_bit: 0
  format_version: 4
  enable_index_compression: 1
  block_align: 0
2022/04/27-00:45:24.268041 7f2c07a06cc0        Options.write_buffer_size: 67108864
2022/04/27-00:45:24.268042 7f2c07a06cc0  Options.max_write_buffer_number: 2
2022/04/27-00:45:24.268042 7f2c07a06cc0          Options.compression: Snappy
2022/04/27-00:45:24.268043 7f2c07a06cc0                  Options.bottommost_compression: Disabled
2022/04/27-00:45:24.268043 7f2c07a06cc0       Options.prefix_extractor: nullptr
2022/04/27-00:45:24.268044 7f2c07a06cc0   Options.memtable_insert_with_hint_prefix_extractor: nullptr
2022/04/27-00:45:24.268045 7f2c07a06cc0             Options.num_levels: 7
2022/04/27-00:45:24.268045 7f2c07a06cc0        Options.min_write_buffer_number_to_merge: 1
2022/04/27-00:45:24.268046 7f2c07a06cc0     Options.max_write_buffer_number_to_maintain: 0
2022/04/27-00:45:24.268046 7f2c07a06cc0     Options.max_write_buffer_size_to_maintain: 0
2022/04/27-00:45:24.268047 7f2c07a06cc0            Options.bottommost_compression_opts.window_bits: -14
2022/04/27-00:45:24.268047 7f2c07a06cc0                  Options.bottommost_compression_opts.level: 32767
2022/04/27-00:45:24.268057 7f2c07a06cc0               Options.bottommost_compression_opts.strategy: 0
2022/04/27-00:45:24.268057 7f2c07a06cc0         Options.bottommost_compression_opts.max_dict_bytes: 0
2022/04/27-00:45:24.268058 7f2c07a06cc0         Options.bottommost_compression_opts.zstd_max_train_bytes: 0
2022/04/27-00:45:24.268059 7f2c07a06cc0         Options.bottommost_compression_opts.parallel_threads: 1
2022/04/27-00:45:24.268059 7f2c07a06cc0                  Options.bottommost_compression_opts.enabled: false
2022/04/27-00:45:24.268060 7f2c07a06cc0            Options.compression_opts.window_bits: -14
2022/04/27-00:45:24.268060 7f2c07a06cc0                  Options.compression_opts.level: 32767
2022/04/27-00:45:24.268061 7f2c07a06cc0               Options.compression_opts.strategy: 0
2022/04/27-00:45:24.268061 7f2c07a06cc0         Options.compression_opts.max_dict_bytes: 0
2022/04/27-00:45:24.268062 7f2c07a06cc0         Options.compression_opts.zstd_max_train_bytes: 0
2022/04/27-00:45:24.268063 7f2c07a06cc0         Options.compression_opts.parallel_threads: 1
2022/04/27-00:45:24.268063 7f2c07a06cc0                  Options.compression_opts.enabled: false
2022/04/27-00:45:24.268064 7f2c07a06cc0      Options.level0_file_num_compaction_trigger: 4
2022/04/27-00:45:24.268064 7f2c07a06cc0          Options.level0_slowdown_writes_trigger: 20
2022/04/27-00:45:24.268065 7f2c07a06cc0              Options.level0_stop_writes_trigger: 36
2022/04/27-00:45:24.268065 7f2c07a06cc0                   Options.target_file_size_base: 67108864
2022/04/27-00:45:24.268066 7f2c07a06cc0             Options.target_file_size_multiplier: 1
2022/04/27-00:45:24.268066 7f2c07a06cc0                Options.max_bytes_for_level_base: 268435456
2022/04/27-00:45:24.268067 7f2c07a06cc0 Options.level_compaction_dynamic_level_bytes: 0
2022/04/27-00:45:24.268068 7f2c07a06cc0          Options.max_bytes_for_level_multiplier: 10.000000
2022/04/27-00:45:24.268069 7f2c07a06cc0 Options.max_bytes_for_level_multiplier_addtl[0]: 1
2022/04/27-00:45:24.268070 7f2c07a06cc0 Options.max_bytes_for_level_multiplier_addtl[1]: 1
2022/04/27-00:45:24.268070 7f2c07a06cc0 Options.max_bytes_for_level_multiplier_addtl[2]: 1
2022/04/27-00:45:24.268071 7f2c07a06cc0 Options.max_bytes_for_level_multiplier_addtl[3]: 1
2022/04/27-00:45:24.268071 7f2c07a06cc0 Options.max_bytes_for_level_multiplier_addtl[4]: 1
2022/04/27-00:45:24.268072 7f2c07a06cc0 Options.max_bytes_for_level_multiplier_addtl[5]: 1
2022/04/27-00:45:24.268073 7f2c07a06cc0 Options.max_bytes_for_level_multiplier_addtl[6]: 1
2022/04/27-00:45:24.268073 7f2c07a06cc0       Options.max_sequential_skip_in_iterations: 8
2022/04/27-00:45:24.268074 7f2c07a06cc0                    Options.max_compaction_bytes: 1677721600
2022/04/27-00:45:24.268074 7f2c07a06cc0                        Options.arena_block_size: 8388608
2022/04/27-00:45:24.268075 7f2c07a06cc0   Options.soft_pending_compaction_bytes_limit: 68719476736
2022/04/27-00:45:24.268075 7f2c07a06cc0   Options.hard_pending_compaction_bytes_limit: 274877906944
2022/04/27-00:45:24.268076 7f2c07a06cc0       Options.rate_limit_delay_max_milliseconds: 100
2022/04/27-00:45:24.268077 7f2c07a06cc0                Options.disable_auto_compactions: 0
2022/04/27-00:45:24.268078 7f2c07a06cc0                        Options.compaction_style: kCompactionStyleLevel
2022/04/27-00:45:24.268079 7f2c07a06cc0                          Options.compaction_pri: kMinOverlappingRatio
2022/04/27-00:45:24.268079 7f2c07a06cc0 Options.compaction_options_universal.size_ratio: 1
2022/04/27-00:45:24.268080 7f2c07a06cc0 Options.compaction_options_universal.min_merge_width: 2
2022/04/27-00:45:24.268080 7f2c07a06cc0 Options.compaction_options_universal.max_merge_width: 4294967295
2022/04/27-00:45:24.268081 7f2c07a06cc0 Options.compaction_options_universal.max_size_amplification_percent: 200
2022/04/27-00:45:24.268082 7f2c07a06cc0 Options.compaction_options_universal.compression_size_percent: -1
2022/04/27-00:45:24.268082 7f2c07a06cc0 Options.compaction_options_universal.stop_style: kCompactionStopStyleTotalSize
2022/04/27-00:45:24.268087 7f2c07a06cc0 Options.compaction_options_fifo.max_table_files_size: 1073741824
2022/04/27-00:45:24.268088 7f2c07a06cc0 Options.compaction_options_fifo.allow_compaction: 0
2022/04/27-00:45:24.268090 7f2c07a06cc0                   Options.table_properties_collectors: 
2022/04/27-00:45:24.268090 7f2c07a06cc0                   Options.inplace_update_support: 0
2022/04/27-00:45:24.268091 7f2c07a06cc0                 Options.inplace_update_num_locks: 10000
2022/04/27-00:45:24.268092 7f2c07a06cc0               Options.memtable_prefix_bloom_size_ratio: 0.000000
2022/04/27-00:45:24.268092 7f2c07a06cc0               Options.memtable_whole_key_filtering: 0
2022/04/27-00:45:24.268093 7f2c07a06cc0   Options.memtable_huge_page_size: 0
2022/04/27-00:45:24.268093 7f2c07a06cc0                           Options.bloom_locality: 0
2022/04/27-00:45:24.268094 7f2c07a06cc0                    Options.max_successive_merges: 0
2022/04/27-00:45:24.268094 7f2c07a06cc0                Options.optimize_filters_for_hits: 0
2022/04/27-00:45:24.268095 7f2c07a06cc0                Options.paranoid_file_checks: 0
2022/04/27-00:45:24.268096 7f2c07a06cc0                Options.force_consistency_checks: 1
2022/04/27-00:45:24.268096 7f2c07a06cc0                Options.report_bg_io_stats: 0
2022/04/27-00:45:24.268097 7f2c07a06cc0                               Options.ttl: 2592000
2022/04/27-00:45:24.268097 7f2c07a06cc0          Options.periodic_compaction_seconds: 0
2022/04/27-00:45:24.268098 7f2c07a06cc0                    Options.enable_blob_files: false
2022/04/27-00:45:24.268098 7f2c07a06cc0                        Options.min_blob_size: 0
2022/04/27-00:45:24.268099 7f2c07a06cc0                       Options.blob_file_size: 268435456
2022/04/27-00:45:24.268100 7f2c07a06cc0                Options.blob_compression_type: NoCompression
2022/04/27-00:45:24.268100 7f2c07a06cc0       Options.enable_blob_garbage_collection: false
2022/04/27-00:45:24.268101 7f2c07a06cc0   Options.blob_garbage_collection_age_cutoff: 0.250000
2022/04/27-00:45:24.268174 7f2c07a06cc0 [db/column_family.cc:595] --------------- Options for column family [RB]:
2022/04/27-00:45:24.268176 7f2c07a06cc0               Options.comparator: leveldb.BytewiseComparator
2022/04/27-00:45:24.268177 7f2c07a06cc0           Options.merge_operator: None
2022/04/27-00:45:24.268178 7f2c07a06cc0        Options.compaction_filter: filter_outdated
2022/04/27-00:45:24.268179 7f2c07a06cc0        Options.compaction_filter_factory: None
2022/04/27-00:45:24.268179 7f2c07a06cc0  Options.sst_partitioner_factory: None
2022/04/27-00:45:24.268180 7f2c07a06cc0         Options.memtable_factory: SkipListFactory
2022/04/27-00:45:24.268180 7f2c07a06cc0            Options.table_factory: BlockBasedTable
2022/04/27-00:45:24.268195 7f2c07a06cc0            table_factory options:   flush_block_policy_factory: FlushBlockBySizePolicyFactory (0x556db1bf5310)
  cache_index_and_filter_blocks: 0
  cache_index_and_filter_blocks_with_high_priority: 1
  pin_l0_filter_and_index_blocks_in_cache: 0
  pin_top_level_index_and_filter: 1
  index_type: 0
  data_block_index_type: 0
  index_shortening: 1
  data_block_hash_table_util_ratio: 0.750000
  hash_index_allow_collision: 1
  checksum: 1
  no_block_cache: 0
  block_cache: 0x556db1bf5360
  block_cache_name: LRUCache
  block_cache_options:
    capacity : 8388608
    num_shard_bits : 4
    strict_capacity_limit : 0
    memory_allocator : None
    high_pri_pool_ratio: 0.000
  block_cache_compressed: (nil)
  persistent_cache: (nil)
  block_size: 4096
  block_size_deviation: 10
  block_restart_interval: 16
  index_block_restart_interval: 1
  metadata_block_size: 4096
  partition_filters: 0
  use_delta_encoding: 1
  filter_policy: nullptr
  whole_key_filtering: 1
  verify_compression: 0
  read_amp_bytes_per_bit: 0
  format_version: 4
  enable_index_compression: 1
  block_align: 0
2022/04/27-00:45:24.268197 7f2c07a06cc0        Options.write_buffer_size: 67108864
2022/04/27-00:45:24.268197 7f2c07a06cc0  Options.max_write_buffer_number: 2
2022/04/27-00:45:24.268198 7f2c07a06cc0          Options.compression: NoCompression
2022/04/27-00:45:24.268205 7f2c07a06cc0                  Options.bottommost_compression: Disabled
2022/04/27-00:45:24.268206 7f2c07a06cc0       Options.prefix_extractor: nullptr
2022/04/27-00:45:24.268206 7f2c07a06cc0   Options.memtable_insert_with_hint_prefix_extractor: nullptr
2022/04/27-00:45:24.268207 7f2c07a06cc0             Options.num_levels: 7
2022/04/27-00:45:24.268208 7f2c07a06cc0        Options.min_write_buffer_number_to_merge: 1
2022/04/27-00:45:24.268208 7f2c07a06cc0     Options.max_write_buffer_number_to_maintain: 0
2022/04/27-00:45:24.268209 7f2c07a06cc0     Options.max_write_buffer_size_to_maintain: 0
2022/04/27-00:45:24.268209 7f2c07a06cc0            Options.bottommost_compression_opts.window_bits: -14
2022/04/27-00:45:24.268210 7f2c07a06cc0                  Options.bottommost_compression_opts.level: 32767
2022/04/27-00:45:24.268210 7f2c07a06cc0               Options.bottommost_compression_opts.strategy: 0
2022/04/27-00:45:24.268211 7f2c07a06cc0         Options.bottommost_compression_opts.max_dict_bytes: 0
2022/04/27-00:45:24.268211 7f2c07a06cc0         Options.bottommost_compression_opts.zstd_max_train_bytes: 0
2022/04/27-00:45:24.268212 7f2c07a06cc0         Options.bottommost_compression_opts.parallel_threads: 1
2022/04/27-00:45:24.268213 7f2c07a06cc0                  Options.bottommost_compression_opts.enabled: false
2022/04/27-00:45:24.268213 7f2c07a06cc0            Options.compression_opts.window_bits: -14
2022/04/27-00:45:24.268214 7f2c07a06cc0                  Options.compression_opts.level: 32767
2022/04/27-00:45:24.268214 7f2c07a06cc0               Options.compression_opts.strategy: 0
2022/04/27-00:45:24.268215 7f2c07a06cc0         Options.compression_opts.max_dict_bytes: 0
2022/04/27-00:45:24.268215 7f2c07a06cc0         Options.compression_opts.zstd_max_train_bytes: 0
2022/04/27-00:45:24.268216 7f2c07a06cc0         Options.compression_opts.parallel_threads: 1
2022/04/27-00:45:24.268216 7f2c07a06cc0                  Options.compression_opts.enabled: false
2022/04/27-00:45:24.268217 7f2c07a06cc0      Options.level0_file_num_compaction_trigger: 4
2022/04/27-00:45:24.268217 7f2c07a06cc0          Options.level0_slowdown_writes_trigger: 20
2022/04/27-00:45:24.268218 7f2c07a06cc0              Options.level0_stop_writes_trigger: 36
2022/04/27-00:45:24.268218 7f2c07a06cc0                   Options.target_file_size_base: 67108864
2022/04/27-00:45:24.268219 7f2c07a06cc0             Options.target_file_size_multiplier: 1
2022/04/27-00:45:24.268220 7f2c07a06cc0                Options.max_bytes_for_level_base: 268435456
2022/04/27-00:45:24.268220 7f2c07a06cc0 Options.level_compaction_dynamic_level_bytes: 0
2022/04/27-00:45:24.268221 7f2c07a06cc0          Options.max_bytes_for_level_multiplier: 10.000000
2022/04/27-00:45:24.268222 7f2c07a06cc0 Options.max_bytes_for_level_multiplier_addtl[0]: 1
2022/04/27-00:45:24.268223 7f2c07a06cc0 Options.max_bytes_for_level_multiplier_addtl[1]: 1
2022/04/27-00:45:24.268223 7f2c07a06cc0 Options.max_bytes_for_level_multiplier_addtl[2]: 1
2022/04/27-00:45:24.268224 7f2c07a06cc0 Options.max_bytes_for_level_multiplier_addtl[3]: 1
2022/04/27-00:45:24.268224 7f2c07a06cc0 Options.max_bytes_for_level_multiplier_addtl[4]: 1
2022/04/27-00:45:24.268225 7f2c07a06cc0 Options.max_bytes_for_level_multiplier_addtl[5]: 1
2022/04/27-00:45:24.268225 7f2c07a06cc0 Options.max_bytes_for_level_multiplier_addtl[6]: 1
2022/04/27-00:45:24.268226 7f2c07a06cc0       Options.max_sequential_skip_in_iterations: 8
2022/04/27-00:45:24.268226 7f2c07a06cc0                    Options.max_compaction_bytes: 1677721600
2022/04/27-00:45:24.268227 7f2c07a06cc0                        Options.arena_block_size: 8388608
2022/04/27-00:45:24.268227 7f2c07a06cc0   Options.soft_pending_compaction_bytes_limit: 68719476736
2022/04/27-00:45:24.268228 7f2c07a06cc0   Options.hard_pending_compaction_bytes_limit: 274877906944
2022/04/27-00:45:24.268229 7f2c07a06cc0       Options.rate_limit_delay_max_milliseconds: 100
2022/04/27-00:45:24.268229 7f2c07a06cc0                Options.disable_auto_compactions: 1
2022/04/27-00:45:24.268234 7f2c07a06cc0                        Options.compaction_style: kCompactionStyleLevel
2022/04/27-00:45:24.268234 7f2c07a06cc0                          Options.compaction_pri: kMinOverlappingRatio
2022/04/27-00:45:24.268235 7f2c07a06cc0 Options.compaction_options_universal.size_ratio: 1
2022/04/27-00:45:24.268235 7f2c07a06cc0 Options.compaction_options_universal.min_merge_width: 2
2022/04/27-00:45:24.268236 7f2c07a06cc0 Options.compaction_options_universal.max_merge_width: 4294967295
2022/04/27-00:45:24.268236 7f2c07a06cc0 Options.compaction_options_universal.max_size_amplification_percent: 200
2022/04/27-00:45:24.268237 7f2c07a06cc0 Options.compaction_options_universal.compression_size_percent: -1
2022/04/27-00:45:24.268238 7f2c07a06cc0 Options.compaction_options_universal.stop_style: kCompactionStopStyleTotalSize
2022/04/27-00:45:24.268238 7f2c07a06cc0 Options.compaction_options_fifo.max_table_files_size: 1073741824
2022/04/27-00:45:24.268239 7f2c07a06cc0 Options.compaction_options_fifo.allow_compaction: 0
2022/04/27-00:45:24.268241 7f2c07a06cc0                   Options.table_properties_collectors: 
2022/04/27-00:45:24.268241 7f2c07a06cc0                   Options.inplace_update_support: 0
2022/04/27-00:45:24.268242 7f2c07a06cc0                 Options.inplace_update_num_locks: 10000
2022/04/27-00:45:24.268242 7f2c07a06cc0               Options.memtable_prefix_bloom_size_ratio: 0.000000
2022/04/27-00:45:24.268243 7f2c07a06cc0               Options.memtable_whole_key_filtering: 0
2022/04/27-00:45:24.268244 7f2c07a06cc0   Options.memtable_huge_page_size: 0
2022/04/27-00:45:24.268244 7f2c07a06cc0                           Options.bloom_locality: 0
2022/04/27-00:45:24.268245 7f2c07a06cc0                    Options.max_successive_merges: 0
2022/04/27-00:45:24.268245 7f2c07a06cc0                Options.optimize_filters_for_hits: 0
2022/04/27-00:45:24.268246 7f2c07a06cc0                Options.paranoid_file_checks: 0
2022/04/27-00:45:24.268246 7f2c07a06cc0                Options.force_consistency_checks: 1
2022/04/27-00:45:24.268247 7f2c07a06cc0                Options.report_bg_io_stats: 0
2022/04/27-00:45:24.268247 7f2c07a06cc0                               Options.ttl: 2592000
2022/04/27-00:45:24.268248 7f2c07a06cc0          Options.periodic_compaction_seconds: 2592000
2022/04/27-00:45:24.268249 7f2c07a06cc0                    Options.enable_blob_files: false
2022/04/27-00:45:24.268249 7f2c07a06cc0                        Options.min_blob_size: 0
2022/04/27-00:45:24.268250 7f2c07a06cc0                       Options.blob_file_size: 268435456
2022/04/27-00:45:24.268250 7f2c07a06cc0                Options.blob_compression_type: NoCompression
2022/04/27-00:45:24.268251 7f2c07a06cc0       Options.enable_blob_garbage_collection: false
2022/04/27-00:45:24.268251 7f2c07a06cc0   Options.blob_garbage_collection_age_cutoff: 0.250000
2022/04/27-00:45:24.268271 7f2c07a06cc0 [db/column_family.cc:595] --------------- Options for column family [FZ]:
2022/04/27-00:45:24.268272 7f2c07a06cc0               Options.comparator: leveldb.BytewiseComparator
2022/04/27-00:45:24.268273 7f2c07a06cc0           Options.merge_operator: None
2022/04/27-00:45:24.268274 7f2c07a06cc0        Options.compaction_filter: filter_outdated
2022/04/27-00:45:24.268274 7f2c07a06cc0        Options.compaction_filter_factory: None
2022/04/27-00:45:24.268275 7f2c07a06cc0  Options.sst_partitioner_factory: None
2022/04/27-00:45:24.268275 7f2c07a06cc0         Options.memtable_factory: SkipListFactory
2022/04/27-00:45:24.268276 7f2c07a06cc0            Options.table_factory: BlockBasedTable
2022/04/27-00:45:24.268289 7f2c07a06cc0            table_factory options:   flush_block_policy_factory: FlushBlockBySizePolicyFactory (0x556db1bf75a0)
  cache_index_and_filter_blocks: 0
  cache_index_and_filter_blocks_with_high_priority: 1
  pin_l0_filter_and_index_blocks_in_cache: 0
  pin_top_level_index_and_filter: 1
  index_type: 0
  data_block_index_type: 0
  index_shortening: 1
  data_block_hash_table_util_ratio: 0.750000
  hash_index_allow_collision: 1
  checksum: 1
  no_block_cache: 0
  block_cache: 0x556db1bf75f0
  block_cache_name: LRUCache
  block_cache_options:
    capacity : 8388608
    num_shard_bits : 4
    strict_capacity_limit : 0
    memory_allocator : None
    high_pri_pool_ratio: 0.000
  block_cache_compressed: (nil)
  persistent_cache: (nil)
  block_size: 4096
  block_size_deviation: 10
  block_restart_interval: 16
  index_block_restart_interval: 1
  metadata_block_size: 4096
  partition_filters: 0
  use_delta_encoding: 1
  filter_policy: nullptr
  whole_key_filtering: 1
  verify_compression: 0
  read_amp_bytes_per_bit: 0
  format_version: 4
  enable_index_compression: 1
  block_align: 0
2022/04/27-00:45:24.268300 7f2c07a06cc0        Options.write_buffer_size: 67108864
2022/04/27-00:45:24.268301 7f2c07a06cc0  Options.max_write_buffer_number: 2
2022/04/27-00:45:24.268301 7f2c07a06cc0          Options.compression: NoCompression
2022/04/27-00:45:24.268302 7f2c07a06cc0                  Options.bottommost_compression: Disabled
2022/04/27-00:45:24.268303 7f2c07a06cc0       Options.prefix_extractor: nullptr
2022/04/27-00:45:24.268303 7f2c07a06cc0   Options.memtable_insert_with_hint_prefix_extractor: nullptr
2022/04/27-00:45:24.268304 7f2c07a06cc0             Options.num_levels: 7
2022/04/27-00:45:24.268304 7f2c07a06cc0        Options.min_write_buffer_number_to_merge: 1
2022/04/27-00:45:24.268305 7f2c07a06cc0     Options.max_write_buffer_number_to_maintain: 0
2022/04/27-00:45:24.268305 7f2c07a06cc0     Options.max_write_buffer_size_to_maintain: 0
2022/04/27-00:45:24.268306 7f2c07a06cc0            Options.bottommost_compression_opts.window_bits: -14
2022/04/27-00:45:24.268306 7f2c07a06cc0                  Options.bottommost_compression_opts.level: 32767
2022/04/27-00:45:24.268307 7f2c07a06cc0               Options.bottommost_compression_opts.strategy: 0
2022/04/27-00:45:24.268307 7f2c07a06cc0         Options.bottommost_compression_opts.max_dict_bytes: 0
2022/04/27-00:45:24.268308 7f2c07a06cc0         Options.bottommost_compression_opts.zstd_max_train_bytes: 0
2022/04/27-00:45:24.268309 7f2c07a06cc0         Options.bottommost_compression_opts.parallel_threads: 1
2022/04/27-00:45:24.268309 7f2c07a06cc0                  Options.bottommost_compression_opts.enabled: false
2022/04/27-00:45:24.268310 7f2c07a06cc0            Options.compression_opts.window_bits: -14
2022/04/27-00:45:24.268310 7f2c07a06cc0                  Options.compression_opts.level: 32767
2022/04/27-00:45:24.268311 7f2c07a06cc0               Options.compression_opts.strategy: 0
2022/04/27-00:45:24.268311 7f2c07a06cc0         Options.compression_opts.max_dict_bytes: 0
2022/04/27-00:45:24.268312 7f2c07a06cc0         Options.compression_opts.zstd_max_train_bytes: 0
2022/04/27-00:45:24.268312 7f2c07a06cc0         Options.compression_opts.parallel_threads: 1
2022/04/27-00:45:24.268313 7f2c07a06cc0                  Options.compression_opts.enabled: false
2022/04/27-00:45:24.268313 7f2c07a06cc0      Options.level0_file_num_compaction_trigger: 4
2022/04/27-00:45:24.268314 7f2c07a06cc0          Options.level0_slowdown_writes_trigger: 20
2022/04/27-00:45:24.268315 7f2c07a06cc0              Options.level0_stop_writes_trigger: 36
2022/04/27-00:45:24.268315 7f2c07a06cc0                   Options.target_file_size_base: 67108864
2022/04/27-00:45:24.268316 7f2c07a06cc0             Options.target_file_size_multiplier: 1
2022/04/27-00:45:24.268316 7f2c07a06cc0                Options.max_bytes_for_level_base: 268435456
2022/04/27-00:45:24.268317 7f2c07a06cc0 Options.level_compaction_dynamic_level_bytes: 0
2022/04/27-00:45:24.268317 7f2c07a06cc0          Options.max_bytes_for_level_multiplier: 10.000000
2022/04/27-00:45:24.268318 7f2c07a06cc0 Options.max_bytes_for_level_multiplier_addtl[0]: 1
2022/04/27-00:45:24.268319 7f2c07a06cc0 Options.max_bytes_for_level_multiplier_addtl[1]: 1
2022/04/27-00:45:24.268320 7f2c07a06cc0 Options.max_bytes_for_level_multiplier_addtl[2]: 1
2022/04/27-00:45:24.268320 7f2c07a06cc0 Options.max_bytes_for_level_multiplier_addtl[3]: 1
2022/04/27-00:45:24.268321 7f2c07a06cc0 Options.max_bytes_for_level_multiplier_addtl[4]: 1
2022/04/27-00:45:24.268325 7f2c07a06cc0 Options.max_bytes_for_level_multiplier_addtl[5]: 1
2022/04/27-00:45:24.268325 7f2c07a06cc0 Options.max_bytes_for_level_multiplier_addtl[6]: 1
2022/04/27-00:45:24.268326 7f2c07a06cc0       Options.max_sequential_skip_in_iterations: 8
2022/04/27-00:45:24.268326 7f2c07a06cc0                    Options.max_compaction_bytes: 1677721600
2022/04/27-00:45:24.268327 7f2c07a06cc0                        Options.arena_block_size: 8388608
2022/04/27-00:45:24.268328 7f2c07a06cc0   Options.soft_pending_compaction_bytes_limit: 68719476736
2022/04/27-00:45:24.268328 7f2c07a06cc0   Options.hard_pending_compaction_bytes_limit: 274877906944
2022/04/27-00:45:24.268329 7f2c07a06cc0       Options.rate_limit_delay_max_milliseconds: 100
2022/04/27-00:45:24.268329 7f2c07a06cc0                Options.disable_auto_compactions: 1
2022/04/27-00:45:24.268330 7f2c07a06cc0                        Options.compaction_style: kCompactionStyleLevel
2022/04/27-00:45:24.268331 7f2c07a06cc0                          Options.compaction_pri: kMinOverlappingRatio
2022/04/27-00:45:24.268331 7f2c07a06cc0 Options.compaction_options_universal.size_ratio: 1
2022/04/27-00:45:24.268332 7f2c07a06cc0 Options.compaction_options_universal.min_merge_width: 2
2022/04/27-00:45:24.268332 7f2c07a06cc0 Options.compaction_options_universal.max_merge_width: 4294967295
2022/04/27-00:45:24.268333 7f2c07a06cc0 Options.compaction_options_universal.max_size_amplification_percent: 200
2022/04/27-00:45:24.268333 7f2c07a06cc0 Options.compaction_options_universal.compression_size_percent: -1
2022/04/27-00:45:24.268334 7f2c07a06cc0 Options.compaction_options_universal.stop_style: kCompactionStopStyleTotalSize
2022/04/27-00:45:24.268335 7f2c07a06cc0 Options.compaction_options_fifo.max_table_files_size: 1073741824
2022/04/27-00:45:24.268335 7f2c07a06cc0 Options.compaction_options_fifo.allow_compaction: 0
2022/04/27-00:45:24.268336 7f2c07a06cc0                   Options.table_properties_collectors: 
2022/04/27-00:45:24.268337 7f2c07a06cc0                   Options.inplace_update_support: 0
2022/04/27-00:45:24.268337 7f2c07a06cc0                 Options.inplace_update_num_locks: 10000
2022/04/27-00:45:24.268338 7f2c07a06cc0               Options.memtable_prefix_bloom_size_ratio: 0.000000
2022/04/27-00:45:24.268339 7f2c07a06cc0               Options.memtable_whole_key_filtering: 0
2022/04/27-00:45:24.268339 7f2c07a06cc0   Options.memtable_huge_page_size: 0
2022/04/27-00:45:24.268340 7f2c07a06cc0                           Options.bloom_locality: 0
2022/04/27-00:45:24.268340 7f2c07a06cc0                    Options.max_successive_merges: 0
2022/04/27-00:45:24.268341 7f2c07a06cc0                Options.optimize_filters_for_hits: 0
2022/04/27-00:45:24.268341 7f2c07a06cc0                Options.paranoid_file_checks: 0
2022/04/27-00:45:24.268342 7f2c07a06cc0                Options.force_consistency_checks: 1
2022/04/27-00:45:24.268343 7f2c07a06cc0                Options.report_bg_io_stats: 0
2022/04/27-00:45:24.268343 7f2c07a06cc0                               Options.ttl: 2592000
2022/04/27-00:45:24.268344 7f2c07a06cc0          Options.periodic_compaction_seconds: 2592000
2022/04/27-00:45:24.268344 7f2c07a06cc0                    Options.enable_blob_files: false
2022/04/27-00:45:24.268345 7f2c07a06cc0                        Options.min_blob_size: 0
2022/04/27-00:45:24.268345 7f2c07a06cc0                       Options.blob_file_size: 268435456
2022/04/27-00:45:24.268346 7f2c07a06cc0                Options.blob_compression_type: NoCompression
2022/04/27-00:45:24.268346 7f2c07a06cc0       Options.enable_blob_garbage_collection: false
2022/04/27-00:45:24.268347 7f2c07a06cc0   Options.blob_garbage_collection_age_cutoff: 0.250000
2022/04/27-00:45:24.268364 7f2c07a06cc0 [db/column_family.cc:595] --------------- Options for column family [NZ]:
2022/04/27-00:45:24.268365 7f2c07a06cc0               Options.comparator: leveldb.BytewiseComparator
2022/04/27-00:45:24.268366 7f2c07a06cc0           Options.merge_operator: None
2022/04/27-00:45:24.268366 7f2c07a06cc0        Options.compaction_filter: filter_outdated
2022/04/27-00:45:24.268371 7f2c07a06cc0        Options.compaction_filter_factory: None
2022/04/27-00:45:24.268372 7f2c07a06cc0  Options.sst_partitioner_factory: None
2022/04/27-00:45:24.268373 7f2c07a06cc0         Options.memtable_factory: SkipListFactory
2022/04/27-00:45:24.268373 7f2c07a06cc0            Options.table_factory: BlockBasedTable
2022/04/27-00:45:24.268388 7f2c07a06cc0            table_factory options:   flush_block_policy_factory: FlushBlockBySizePolicyFactory (0x556db1bf9850)
  cache_index_and_filter_blocks: 0
  cache_index_and_filter_blocks_with_high_priority: 1
  pin_l0_filter_and_index_blocks_in_cache: 0
  pin_top_level_index_and_filter: 1
  index_type: 0
  data_block_index_type: 0
  index_shortening: 1
  data_block_hash_table_util_ratio: 0.750000
  hash_index_allow_collision: 1
  checksum: 1
  no_block_cache: 0
  block_cache: 0x556db1bf98a0
  block_cache_name: LRUCache
  block_cache_options:
    capacity : 8388608
    num_shard_bits : 4
    strict_capacity_limit : 0
    memory_allocator : None
    high_pri_pool_ratio: 0.000
  block_cache_compressed: (nil)
  persistent_cache: (nil)
  block_size: 4096
  block_size_deviation: 10
  block_restart_interval: 16
  index_block_restart_interval: 1
  metadata_block_size: 4096
  partition_filters: 0
  use_delta_encoding: 1
  filter_policy: nullptr
  whole_key_filtering: 1
  verify_compression: 0
  read_amp_bytes_per_bit: 0
  format_version: 4
  enable_index_compression: 1
  block_align: 0
2022/04/27-00:45:24.268389 7f2c07a06cc0        Options.write_buffer_size: 67108864
2022/04/27-00:45:24.268389 7f2c07a06cc0  Options.max_write_buffer_number: 2
2022/04/27-00:45:24.268390 7f2c07a06cc0          Options.compression: NoCompression
2022/04/27-00:45:24.268390 7f2c07a06cc0                  Options.bottommost_compression: Disabled
2022/04/27-00:45:24.268391 7f2c07a06cc0       Options.prefix_extractor: nullptr
2022/04/27-00:45:24.268392 7f2c07a06cc0   Options.memtable_insert_with_hint_prefix_extractor: nullptr
2022/04/27-00:45:24.268392 7f2c07a06cc0             Options.num_levels: 7
2022/04/27-00:45:24.268393 7f2c07a06cc0        Options.min_write_buffer_number_to_merge: 1
2022/04/27-00:45:24.268393 7f2c07a06cc0     Options.max_write_buffer_number_to_maintain: 0
2022/04/27-00:45:24.268394 7f2c07a06cc0     Options.max_write_buffer_size_to_maintain: 0
2022/04/27-00:45:24.268394 7f2c07a06cc0            Options.bottommost_compression_opts.window_bits: -14
2022/04/27-00:45:24.268395 7f2c07a06cc0                  Options.bottommost_compression_opts.level: 32767
2022/04/27-00:45:24.268395 7f2c07a06cc0               Options.bottommost_compression_opts.strategy: 0
2022/04/27-00:45:24.268396 7f2c07a06cc0         Options.bottommost_compression_opts.max_dict_bytes: 0
2022/04/27-00:45:24.268396 7f2c07a06cc0         Options.bottommost_compression_opts.zstd_max_train_bytes: 0
2022/04/27-00:45:24.268397 7f2c07a06cc0         Options.bottommost_compression_opts.parallel_threads: 1
