2022/04/27-00:45:24.528483 7f2c07a06cc0 RocksDB version: 6.17.0
2022/04/27-00:45:24.528582 7f2c07a06cc0 Git sha 0
2022/04/27-00:45:24.528614 7f2c07a06cc0 DB SUMMARY
2022/04/27-00:45:24.528615 7f2c07a06cc0 DB Session ID:  297FADTTQKF8E6VS4VL7
2022/04/27-00:45:24.528636 7f2c07a06cc0 CURRENT file:  CURRENT
2022/04/27-00:45:24.528637 7f2c07a06cc0 IDENTITY file:  IDENTITY
2022/04/27-00:45:24.528639 7f2c07a06cc0 MANIFEST file:  MANIFEST-000003 size: 762 Bytes
2022/04/27-00:45:24.528640 7f2c07a06cc0 SST files in /home/ryan/ic-projects/dbank/.dfx/state/replicated_state/node-100/ic_consensus_pool/certification dir, Total Num: 2, files: 000013.sst 000016.sst 
2022/04/27-00:45:24.528641 7f2c07a06cc0 Write Ahead Log file in /home/ryan/ic-projects/dbank/.dfx/state/replicated_state/node-100/ic_consensus_pool/certification: 000011.log size: 242 ; 000014.log size: 1195515 ; 
2022/04/27-00:45:24.528642 7f2c07a06cc0                         Options.error_if_exists: 0
2022/04/27-00:45:24.528643 7f2c07a06cc0                       Options.create_if_missing: 1
2022/04/27-00:45:24.528644 7f2c07a06cc0                         Options.paranoid_checks: 1
2022/04/27-00:45:24.528644 7f2c07a06cc0                               Options.track_and_verify_wals_in_manifest: 0
2022/04/27-00:45:24.528645 7f2c07a06cc0                                     Options.env: 0x556d78405380
2022/04/27-00:45:24.528646 7f2c07a06cc0                                      Options.fs: Posix File System
2022/04/27-00:45:24.528646 7f2c07a06cc0                                Options.info_log: 0x556db1c11090
2022/04/27-00:45:24.528647 7f2c07a06cc0                Options.max_file_opening_threads: 16
2022/04/27-00:45:24.528647 7f2c07a06cc0                              Options.statistics: (nil)
2022/04/27-00:45:24.528648 7f2c07a06cc0                               Options.use_fsync: 1
2022/04/27-00:45:24.528649 7f2c07a06cc0                       Options.max_log_file_size: 0
2022/04/27-00:45:24.528649 7f2c07a06cc0                  Options.max_manifest_file_size: 1073741824
2022/04/27-00:45:24.528650 7f2c07a06cc0                   Options.log_file_time_to_roll: 0
2022/04/27-00:45:24.528650 7f2c07a06cc0                       Options.keep_log_file_num: 1000
2022/04/27-00:45:24.528651 7f2c07a06cc0                    Options.recycle_log_file_num: 0
2022/04/27-00:45:24.528651 7f2c07a06cc0                         Options.allow_fallocate: 1
2022/04/27-00:45:24.528652 7f2c07a06cc0                        Options.allow_mmap_reads: 0
2022/04/27-00:45:24.528653 7f2c07a06cc0                       Options.allow_mmap_writes: 0
2022/04/27-00:45:24.528653 7f2c07a06cc0                        Options.use_direct_reads: 0
2022/04/27-00:45:24.528654 7f2c07a06cc0                        Options.use_direct_io_for_flush_and_compaction: 0
2022/04/27-00:45:24.528654 7f2c07a06cc0          Options.create_missing_column_families: 1
2022/04/27-00:45:24.528655 7f2c07a06cc0                              Options.db_log_dir: 
2022/04/27-00:45:24.528655 7f2c07a06cc0                                 Options.wal_dir: /home/ryan/ic-projects/dbank/.dfx/state/replicated_state/node-100/ic_consensus_pool/certification
2022/04/27-00:45:24.528656 7f2c07a06cc0                Options.table_cache_numshardbits: 6
2022/04/27-00:45:24.528656 7f2c07a06cc0                         Options.WAL_ttl_seconds: 0
2022/04/27-00:45:24.528657 7f2c07a06cc0                       Options.WAL_size_limit_MB: 0
2022/04/27-00:45:24.528658 7f2c07a06cc0                        Options.max_write_batch_group_size_bytes: 1048576
2022/04/27-00:45:24.528658 7f2c07a06cc0             Options.manifest_preallocation_size: 4194304
2022/04/27-00:45:24.528659 7f2c07a06cc0                     Options.is_fd_close_on_exec: 1
2022/04/27-00:45:24.528659 7f2c07a06cc0                   Options.advise_random_on_open: 1
2022/04/27-00:45:24.528660 7f2c07a06cc0                    Options.db_write_buffer_size: 0
2022/04/27-00:45:24.528660 7f2c07a06cc0                    Options.write_buffer_manager: 0x556db1cb0880
2022/04/27-00:45:24.528661 7f2c07a06cc0         Options.access_hint_on_compaction_start: 1
2022/04/27-00:45:24.528661 7f2c07a06cc0  Options.new_table_reader_for_compaction_inputs: 0
2022/04/27-00:45:24.528703 7f2c07a06cc0           Options.random_access_max_buffer_size: 1048576
2022/04/27-00:45:24.528705 7f2c07a06cc0                      Options.use_adaptive_mutex: 0
2022/04/27-00:45:24.528706 7f2c07a06cc0                            Options.rate_limiter: (nil)
2022/04/27-00:45:24.528707 7f2c07a06cc0     Options.sst_file_manager.rate_bytes_per_sec: 0
2022/04/27-00:45:24.528708 7f2c07a06cc0                       Options.wal_recovery_mode: 2
2022/04/27-00:45:24.528709 7f2c07a06cc0                  Options.enable_thread_tracking: 0
2022/04/27-00:45:24.528709 7f2c07a06cc0                  Options.enable_pipelined_write: 0
2022/04/27-00:45:24.528710 7f2c07a06cc0                  Options.unordered_write: 0
2022/04/27-00:45:24.528711 7f2c07a06cc0         Options.allow_concurrent_memtable_write: 1
2022/04/27-00:45:24.528712 7f2c07a06cc0      Options.enable_write_thread_adaptive_yield: 1
2022/04/27-00:45:24.528713 7f2c07a06cc0             Options.write_thread_max_yield_usec: 100
2022/04/27-00:45:24.528713 7f2c07a06cc0            Options.write_thread_slow_yield_usec: 3
2022/04/27-00:45:24.528714 7f2c07a06cc0                               Options.row_cache: None
2022/04/27-00:45:24.528715 7f2c07a06cc0                              Options.wal_filter: None
2022/04/27-00:45:24.528716 7f2c07a06cc0             Options.avoid_flush_during_recovery: 0
2022/04/27-00:45:24.528717 7f2c07a06cc0             Options.allow_ingest_behind: 0
2022/04/27-00:45:24.528718 7f2c07a06cc0             Options.preserve_deletes: 0
2022/04/27-00:45:24.528718 7f2c07a06cc0             Options.two_write_queues: 0
2022/04/27-00:45:24.528719 7f2c07a06cc0             Options.manual_wal_flush: 0
2022/04/27-00:45:24.528720 7f2c07a06cc0             Options.atomic_flush: 0
2022/04/27-00:45:24.528721 7f2c07a06cc0             Options.avoid_unnecessary_blocking_io: 0
2022/04/27-00:45:24.528721 7f2c07a06cc0                 Options.persist_stats_to_disk: 0
2022/04/27-00:45:24.528722 7f2c07a06cc0                 Options.write_dbid_to_manifest: 0
2022/04/27-00:45:24.528723 7f2c07a06cc0                 Options.log_readahead_size: 0
2022/04/27-00:45:24.528724 7f2c07a06cc0                 Options.file_checksum_gen_factory: Unknown
2022/04/27-00:45:24.528725 7f2c07a06cc0                 Options.best_efforts_recovery: 0
2022/04/27-00:45:24.528725 7f2c07a06cc0                Options.max_bgerror_resume_count: 2147483647
2022/04/27-00:45:24.528726 7f2c07a06cc0            Options.bgerror_resume_retry_interval: 1000000
2022/04/27-00:45:24.528727 7f2c07a06cc0             Options.allow_data_in_errors: 0
2022/04/27-00:45:24.528728 7f2c07a06cc0             Options.db_host_id: __hostname__
2022/04/27-00:45:24.528729 7f2c07a06cc0             Options.max_background_jobs: 2
2022/04/27-00:45:24.528730 7f2c07a06cc0             Options.max_background_compactions: -1
2022/04/27-00:45:24.528730 7f2c07a06cc0             Options.max_subcompactions: 1
2022/04/27-00:45:24.528731 7f2c07a06cc0             Options.avoid_flush_during_shutdown: 0
2022/04/27-00:45:24.528732 7f2c07a06cc0           Options.writable_file_max_buffer_size: 1048576
2022/04/27-00:45:24.528733 7f2c07a06cc0             Options.delayed_write_rate : 16777216
2022/04/27-00:45:24.528734 7f2c07a06cc0             Options.max_total_wal_size: 0
2022/04/27-00:45:24.528734 7f2c07a06cc0             Options.delete_obsolete_files_period_micros: 21600000000
2022/04/27-00:45:24.528735 7f2c07a06cc0                   Options.stats_dump_period_sec: 600
2022/04/27-00:45:24.528736 7f2c07a06cc0                 Options.stats_persist_period_sec: 600
2022/04/27-00:45:24.528737 7f2c07a06cc0                 Options.stats_history_buffer_size: 1048576
2022/04/27-00:45:24.528737 7f2c07a06cc0                          Options.max_open_files: -1
2022/04/27-00:45:24.528738 7f2c07a06cc0                          Options.bytes_per_sync: 0
2022/04/27-00:45:24.528739 7f2c07a06cc0                      Options.wal_bytes_per_sync: 0
2022/04/27-00:45:24.528740 7f2c07a06cc0                   Options.strict_bytes_per_sync: 0
2022/04/27-00:45:24.528779 7f2c07a06cc0       Options.compaction_readahead_size: 0
2022/04/27-00:45:24.528781 7f2c07a06cc0                  Options.max_background_flushes: -1
2022/04/27-00:45:24.528782 7f2c07a06cc0 Compression algorithms supported:
2022/04/27-00:45:24.528783 7f2c07a06cc0 	kZSTDNotFinalCompression supported: 1
2022/04/27-00:45:24.528784 7f2c07a06cc0 	kZSTD supported: 1
2022/04/27-00:45:24.528785 7f2c07a06cc0 	kXpressCompression supported: 0
2022/04/27-00:45:24.528786 7f2c07a06cc0 	kLZ4HCCompression supported: 1
2022/04/27-00:45:24.528787 7f2c07a06cc0 	kLZ4Compression supported: 1
2022/04/27-00:45:24.528788 7f2c07a06cc0 	kBZip2Compression supported: 1
2022/04/27-00:45:24.528789 7f2c07a06cc0 	kZlibCompression supported: 1
2022/04/27-00:45:24.528790 7f2c07a06cc0 	kSnappyCompression supported: 1
2022/04/27-00:45:24.528793 7f2c07a06cc0 Fast CRC32 supported: Supported on x86
2022/04/27-00:45:24.528949 7f2c07a06cc0 [db/version_set.cc:4758] Recovering from manifest file: /home/ryan/ic-projects/dbank/.dfx/state/replicated_state/node-100/ic_consensus_pool/certification/MANIFEST-000003
2022/04/27-00:45:24.529051 7f2c07a06cc0 [db/column_family.cc:595] --------------- Options for column family [default]:
2022/04/27-00:45:24.529054 7f2c07a06cc0               Options.comparator: leveldb.BytewiseComparator
2022/04/27-00:45:24.529055 7f2c07a06cc0           Options.merge_operator: None
2022/04/27-00:45:24.529055 7f2c07a06cc0        Options.compaction_filter: None
2022/04/27-00:45:24.529056 7f2c07a06cc0        Options.compaction_filter_factory: None
2022/04/27-00:45:24.529057 7f2c07a06cc0  Options.sst_partitioner_factory: None
2022/04/27-00:45:24.529058 7f2c07a06cc0         Options.memtable_factory: SkipListFactory
2022/04/27-00:45:24.529058 7f2c07a06cc0            Options.table_factory: BlockBasedTable
2022/04/27-00:45:24.529071 7f2c07a06cc0            table_factory options:   flush_block_policy_factory: FlushBlockBySizePolicyFactory (0x556db1cd88b0)
  cache_index_and_filter_blocks: 0
  cache_index_and_filter_blocks_with_high_priority: 1
  pin_l0_filter_and_index_blocks_in_cache: 0
  pin_top_level_index_and_filter: 1
  index_type: 0
  data_block_index_type: 0
  index_shortening: 1
  data_block_hash_table_util_ratio: 0.750000
  hash_index_allow_collision: 1
  checksum: 1
  no_block_cache: 0
  block_cache: 0x556db1cf7830
  block_cache_name: LRUCache
  block_cache_options:
    capacity : 8388608
    num_shard_bits : 4
    strict_capacity_limit : 0
    memory_allocator : None
    high_pri_pool_ratio: 0.000
  block_cache_compressed: (nil)
  persistent_cache: (nil)
  block_size: 4096
  block_size_deviation: 10
  block_restart_interval: 16
  index_block_restart_interval: 1
  metadata_block_size: 4096
  partition_filters: 0
  use_delta_encoding: 1
  filter_policy: nullptr
  whole_key_filtering: 1
  verify_compression: 0
  read_amp_bytes_per_bit: 0
  format_version: 4
  enable_index_compression: 1
  block_align: 0
2022/04/27-00:45:24.529072 7f2c07a06cc0        Options.write_buffer_size: 67108864
2022/04/27-00:45:24.529073 7f2c07a06cc0  Options.max_write_buffer_number: 2
2022/04/27-00:45:24.529074 7f2c07a06cc0          Options.compression: Snappy
2022/04/27-00:45:24.529075 7f2c07a06cc0                  Options.bottommost_compression: Disabled
2022/04/27-00:45:24.529075 7f2c07a06cc0       Options.prefix_extractor: nullptr
2022/04/27-00:45:24.529076 7f2c07a06cc0   Options.memtable_insert_with_hint_prefix_extractor: nullptr
2022/04/27-00:45:24.529077 7f2c07a06cc0             Options.num_levels: 7
2022/04/27-00:45:24.529078 7f2c07a06cc0        Options.min_write_buffer_number_to_merge: 1
2022/04/27-00:45:24.529078 7f2c07a06cc0     Options.max_write_buffer_number_to_maintain: 0
2022/04/27-00:45:24.529079 7f2c07a06cc0     Options.max_write_buffer_size_to_maintain: 0
2022/04/27-00:45:24.529080 7f2c07a06cc0            Options.bottommost_compression_opts.window_bits: -14
2022/04/27-00:45:24.529081 7f2c07a06cc0                  Options.bottommost_compression_opts.level: 32767
2022/04/27-00:45:24.529082 7f2c07a06cc0               Options.bottommost_compression_opts.strategy: 0
2022/04/27-00:45:24.529130 7f2c07a06cc0         Options.bottommost_compression_opts.max_dict_bytes: 0
2022/04/27-00:45:24.529132 7f2c07a06cc0         Options.bottommost_compression_opts.zstd_max_train_bytes: 0
2022/04/27-00:45:24.529133 7f2c07a06cc0         Options.bottommost_compression_opts.parallel_threads: 1
2022/04/27-00:45:24.529134 7f2c07a06cc0                  Options.bottommost_compression_opts.enabled: false
2022/04/27-00:45:24.529135 7f2c07a06cc0            Options.compression_opts.window_bits: -14
2022/04/27-00:45:24.529135 7f2c07a06cc0                  Options.compression_opts.level: 32767
2022/04/27-00:45:24.529136 7f2c07a06cc0               Options.compression_opts.strategy: 0
2022/04/27-00:45:24.529137 7f2c07a06cc0         Options.compression_opts.max_dict_bytes: 0
2022/04/27-00:45:24.529138 7f2c07a06cc0         Options.compression_opts.zstd_max_train_bytes: 0
2022/04/27-00:45:24.529138 7f2c07a06cc0         Options.compression_opts.parallel_threads: 1
2022/04/27-00:45:24.529139 7f2c07a06cc0                  Options.compression_opts.enabled: false
2022/04/27-00:45:24.529140 7f2c07a06cc0      Options.level0_file_num_compaction_trigger: 4
2022/04/27-00:45:24.529141 7f2c07a06cc0          Options.level0_slowdown_writes_trigger: 20
2022/04/27-00:45:24.529141 7f2c07a06cc0              Options.level0_stop_writes_trigger: 36
2022/04/27-00:45:24.529142 7f2c07a06cc0                   Options.target_file_size_base: 67108864
2022/04/27-00:45:24.529143 7f2c07a06cc0             Options.target_file_size_multiplier: 1
2022/04/27-00:45:24.529144 7f2c07a06cc0                Options.max_bytes_for_level_base: 268435456
2022/04/27-00:45:24.529144 7f2c07a06cc0 Options.level_compaction_dynamic_level_bytes: 0
2022/04/27-00:45:24.529145 7f2c07a06cc0          Options.max_bytes_for_level_multiplier: 10.000000
2022/04/27-00:45:24.529147 7f2c07a06cc0 Options.max_bytes_for_level_multiplier_addtl[0]: 1
2022/04/27-00:45:24.529148 7f2c07a06cc0 Options.max_bytes_for_level_multiplier_addtl[1]: 1
2022/04/27-00:45:24.529148 7f2c07a06cc0 Options.max_bytes_for_level_multiplier_addtl[2]: 1
2022/04/27-00:45:24.529149 7f2c07a06cc0 Options.max_bytes_for_level_multiplier_addtl[3]: 1
2022/04/27-00:45:24.529150 7f2c07a06cc0 Options.max_bytes_for_level_multiplier_addtl[4]: 1
2022/04/27-00:45:24.529151 7f2c07a06cc0 Options.max_bytes_for_level_multiplier_addtl[5]: 1
2022/04/27-00:45:24.529151 7f2c07a06cc0 Options.max_bytes_for_level_multiplier_addtl[6]: 1
2022/04/27-00:45:24.529152 7f2c07a06cc0       Options.max_sequential_skip_in_iterations: 8
2022/04/27-00:45:24.529153 7f2c07a06cc0                    Options.max_compaction_bytes: 1677721600
2022/04/27-00:45:24.529154 7f2c07a06cc0                        Options.arena_block_size: 8388608
2022/04/27-00:45:24.529154 7f2c07a06cc0   Options.soft_pending_compaction_bytes_limit: 68719476736
2022/04/27-00:45:24.529155 7f2c07a06cc0   Options.hard_pending_compaction_bytes_limit: 274877906944
2022/04/27-00:45:24.529156 7f2c07a06cc0       Options.rate_limit_delay_max_milliseconds: 100
2022/04/27-00:45:24.529157 7f2c07a06cc0                Options.disable_auto_compactions: 0
2022/04/27-00:45:24.529158 7f2c07a06cc0                        Options.compaction_style: kCompactionStyleLevel
2022/04/27-00:45:24.529159 7f2c07a06cc0                          Options.compaction_pri: kMinOverlappingRatio
2022/04/27-00:45:24.529160 7f2c07a06cc0 Options.compaction_options_universal.size_ratio: 1
2022/04/27-00:45:24.529160 7f2c07a06cc0 Options.compaction_options_universal.min_merge_width: 2
2022/04/27-00:45:24.529161 7f2c07a06cc0 Options.compaction_options_universal.max_merge_width: 4294967295
2022/04/27-00:45:24.529162 7f2c07a06cc0 Options.compaction_options_universal.max_size_amplification_percent: 200
2022/04/27-00:45:24.529163 7f2c07a06cc0 Options.compaction_options_universal.compression_size_percent: -1
2022/04/27-00:45:24.529163 7f2c07a06cc0 Options.compaction_options_universal.stop_style: kCompactionStopStyleTotalSize
2022/04/27-00:45:24.529164 7f2c07a06cc0 Options.compaction_options_fifo.max_table_files_size: 1073741824
2022/04/27-00:45:24.529191 7f2c07a06cc0 Options.compaction_options_fifo.allow_compaction: 0
2022/04/27-00:45:24.529196 7f2c07a06cc0                   Options.table_properties_collectors: 
2022/04/27-00:45:24.529197 7f2c07a06cc0                   Options.inplace_update_support: 0
2022/04/27-00:45:24.529197 7f2c07a06cc0                 Options.inplace_update_num_locks: 10000
2022/04/27-00:45:24.529198 7f2c07a06cc0               Options.memtable_prefix_bloom_size_ratio: 0.000000
2022/04/27-00:45:24.529199 7f2c07a06cc0               Options.memtable_whole_key_filtering: 0
2022/04/27-00:45:24.529200 7f2c07a06cc0   Options.memtable_huge_page_size: 0
2022/04/27-00:45:24.529201 7f2c07a06cc0                           Options.bloom_locality: 0
2022/04/27-00:45:24.529202 7f2c07a06cc0                    Options.max_successive_merges: 0
2022/04/27-00:45:24.529202 7f2c07a06cc0                Options.optimize_filters_for_hits: 0
2022/04/27-00:45:24.529203 7f2c07a06cc0                Options.paranoid_file_checks: 0
2022/04/27-00:45:24.529204 7f2c07a06cc0                Options.force_consistency_checks: 1
2022/04/27-00:45:24.529204 7f2c07a06cc0                Options.report_bg_io_stats: 0
2022/04/27-00:45:24.529205 7f2c07a06cc0                               Options.ttl: 2592000
2022/04/27-00:45:24.529206 7f2c07a06cc0          Options.periodic_compaction_seconds: 0
2022/04/27-00:45:24.529206 7f2c07a06cc0                    Options.enable_blob_files: false
2022/04/27-00:45:24.529207 7f2c07a06cc0                        Options.min_blob_size: 0
2022/04/27-00:45:24.529208 7f2c07a06cc0                       Options.blob_file_size: 268435456
2022/04/27-00:45:24.529209 7f2c07a06cc0                Options.blob_compression_type: NoCompression
2022/04/27-00:45:24.529209 7f2c07a06cc0       Options.enable_blob_garbage_collection: false
2022/04/27-00:45:24.529210 7f2c07a06cc0   Options.blob_garbage_collection_age_cutoff: 0.250000
2022/04/27-00:45:24.529293 7f2c07a06cc0 [db/column_family.cc:595] --------------- Options for column family [CE]:
2022/04/27-00:45:24.529296 7f2c07a06cc0               Options.comparator: leveldb.BytewiseComparator
2022/04/27-00:45:24.529296 7f2c07a06cc0           Options.merge_operator: None
2022/04/27-00:45:24.529297 7f2c07a06cc0        Options.compaction_filter: filter_outdated
2022/04/27-00:45:24.529298 7f2c07a06cc0        Options.compaction_filter_factory: None
2022/04/27-00:45:24.529299 7f2c07a06cc0  Options.sst_partitioner_factory: None
2022/04/27-00:45:24.529300 7f2c07a06cc0         Options.memtable_factory: SkipListFactory
2022/04/27-00:45:24.529300 7f2c07a06cc0            Options.table_factory: BlockBasedTable
2022/04/27-00:45:24.529311 7f2c07a06cc0            table_factory options:   flush_block_policy_factory: FlushBlockBySizePolicyFactory (0x556db1cd6df0)
  cache_index_and_filter_blocks: 0
  cache_index_and_filter_blocks_with_high_priority: 1
  pin_l0_filter_and_index_blocks_in_cache: 0
  pin_top_level_index_and_filter: 1
  index_type: 0
  data_block_index_type: 0
  index_shortening: 1
  data_block_hash_table_util_ratio: 0.750000
  hash_index_allow_collision: 1
  checksum: 1
  no_block_cache: 0
  block_cache: 0x556db1dd2260
  block_cache_name: LRUCache
  block_cache_options:
    capacity : 8388608
    num_shard_bits : 4
    strict_capacity_limit : 0
    memory_allocator : None
    high_pri_pool_ratio: 0.000
  block_cache_compressed: (nil)
  persistent_cache: (nil)
  block_size: 4096
  block_size_deviation: 10
  block_restart_interval: 16
  index_block_restart_interval: 1
  metadata_block_size: 4096
  partition_filters: 0
  use_delta_encoding: 1
  filter_policy: nullptr
  whole_key_filtering: 1
  verify_compression: 0
  read_amp_bytes_per_bit: 0
  format_version: 4
  enable_index_compression: 1
  block_align: 0
2022/04/27-00:45:24.529313 7f2c07a06cc0        Options.write_buffer_size: 67108864
2022/04/27-00:45:24.529313 7f2c07a06cc0  Options.max_write_buffer_number: 2
2022/04/27-00:45:24.529314 7f2c07a06cc0          Options.compression: NoCompression
2022/04/27-00:45:24.529315 7f2c07a06cc0                  Options.bottommost_compression: Disabled
2022/04/27-00:45:24.529365 7f2c07a06cc0       Options.prefix_extractor: nullptr
2022/04/27-00:45:24.529367 7f2c07a06cc0   Options.memtable_insert_with_hint_prefix_extractor: nullptr
2022/04/27-00:45:24.529368 7f2c07a06cc0             Options.num_levels: 7
2022/04/27-00:45:24.529368 7f2c07a06cc0        Options.min_write_buffer_number_to_merge: 1
2022/04/27-00:45:24.529369 7f2c07a06cc0     Options.max_write_buffer_number_to_maintain: 0
2022/04/27-00:45:24.529370 7f2c07a06cc0     Options.max_write_buffer_size_to_maintain: 0
2022/04/27-00:45:24.529370 7f2c07a06cc0            Options.bottommost_compression_opts.window_bits: -14
2022/04/27-00:45:24.529371 7f2c07a06cc0                  Options.bottommost_compression_opts.level: 32767
2022/04/27-00:45:24.529372 7f2c07a06cc0               Options.bottommost_compression_opts.strategy: 0
2022/04/27-00:45:24.529373 7f2c07a06cc0         Options.bottommost_compression_opts.max_dict_bytes: 0
2022/04/27-00:45:24.529373 7f2c07a06cc0         Options.bottommost_compression_opts.zstd_max_train_bytes: 0
2022/04/27-00:45:24.529374 7f2c07a06cc0         Options.bottommost_compression_opts.parallel_threads: 1
2022/04/27-00:45:24.529375 7f2c07a06cc0                  Options.bottommost_compression_opts.enabled: false
2022/04/27-00:45:24.529375 7f2c07a06cc0            Options.compression_opts.window_bits: -14
2022/04/27-00:45:24.529376 7f2c07a06cc0                  Options.compression_opts.level: 32767
2022/04/27-00:45:24.529377 7f2c07a06cc0               Options.compression_opts.strategy: 0
2022/04/27-00:45:24.529377 7f2c07a06cc0         Options.compression_opts.max_dict_bytes: 0
2022/04/27-00:45:24.529378 7f2c07a06cc0         Options.compression_opts.zstd_max_train_bytes: 0
2022/04/27-00:45:24.529379 7f2c07a06cc0         Options.compression_opts.parallel_threads: 1
2022/04/27-00:45:24.529380 7f2c07a06cc0                  Options.compression_opts.enabled: false
2022/04/27-00:45:24.529380 7f2c07a06cc0      Options.level0_file_num_compaction_trigger: 4
2022/04/27-00:45:24.529381 7f2c07a06cc0          Options.level0_slowdown_writes_trigger: 20
2022/04/27-00:45:24.529382 7f2c07a06cc0              Options.level0_stop_writes_trigger: 36
2022/04/27-00:45:24.529382 7f2c07a06cc0                   Options.target_file_size_base: 67108864
2022/04/27-00:45:24.529383 7f2c07a06cc0             Options.target_file_size_multiplier: 1
2022/04/27-00:45:24.529384 7f2c07a06cc0                Options.max_bytes_for_level_base: 268435456
2022/04/27-00:45:24.529385 7f2c07a06cc0 Options.level_compaction_dynamic_level_bytes: 0
2022/04/27-00:45:24.529385 7f2c07a06cc0          Options.max_bytes_for_level_multiplier: 10.000000
2022/04/27-00:45:24.529387 7f2c07a06cc0 Options.max_bytes_for_level_multiplier_addtl[0]: 1
2022/04/27-00:45:24.529388 7f2c07a06cc0 Options.max_bytes_for_level_multiplier_addtl[1]: 1
2022/04/27-00:45:24.529388 7f2c07a06cc0 Options.max_bytes_for_level_multiplier_addtl[2]: 1
2022/04/27-00:45:24.529389 7f2c07a06cc0 Options.max_bytes_for_level_multiplier_addtl[3]: 1
2022/04/27-00:45:24.529390 7f2c07a06cc0 Options.max_bytes_for_level_multiplier_addtl[4]: 1
2022/04/27-00:45:24.529391 7f2c07a06cc0 Options.max_bytes_for_level_multiplier_addtl[5]: 1
2022/04/27-00:45:24.529391 7f2c07a06cc0 Options.max_bytes_for_level_multiplier_addtl[6]: 1
2022/04/27-00:45:24.529392 7f2c07a06cc0       Options.max_sequential_skip_in_iterations: 8
2022/04/27-00:45:24.529393 7f2c07a06cc0                    Options.max_compaction_bytes: 1677721600
2022/04/27-00:45:24.529393 7f2c07a06cc0                        Options.arena_block_size: 8388608
2022/04/27-00:45:24.529394 7f2c07a06cc0   Options.soft_pending_compaction_bytes_limit: 68719476736
2022/04/27-00:45:24.529395 7f2c07a06cc0   Options.hard_pending_compaction_bytes_limit: 274877906944
2022/04/27-00:45:24.529395 7f2c07a06cc0       Options.rate_limit_delay_max_milliseconds: 100
2022/04/27-00:45:24.529396 7f2c07a06cc0                Options.disable_auto_compactions: 1
2022/04/27-00:45:24.529397 7f2c07a06cc0                        Options.compaction_style: kCompactionStyleLevel
2022/04/27-00:45:24.529424 7f2c07a06cc0                          Options.compaction_pri: kMinOverlappingRatio
2022/04/27-00:45:24.529426 7f2c07a06cc0 Options.compaction_options_universal.size_ratio: 1
2022/04/27-00:45:24.529427 7f2c07a06cc0 Options.compaction_options_universal.min_merge_width: 2
2022/04/27-00:45:24.529428 7f2c07a06cc0 Options.compaction_options_universal.max_merge_width: 4294967295
2022/04/27-00:45:24.529428 7f2c07a06cc0 Options.compaction_options_universal.max_size_amplification_percent: 200
2022/04/27-00:45:24.529429 7f2c07a06cc0 Options.compaction_options_universal.compression_size_percent: -1
2022/04/27-00:45:24.529430 7f2c07a06cc0 Options.compaction_options_universal.stop_style: kCompactionStopStyleTotalSize
2022/04/27-00:45:24.529431 7f2c07a06cc0 Options.compaction_options_fifo.max_table_files_size: 1073741824
2022/04/27-00:45:24.529431 7f2c07a06cc0 Options.compaction_options_fifo.allow_compaction: 0
2022/04/27-00:45:24.529433 7f2c07a06cc0                   Options.table_properties_collectors: 
2022/04/27-00:45:24.529434 7f2c07a06cc0                   Options.inplace_update_support: 0
2022/04/27-00:45:24.529435 7f2c07a06cc0                 Options.inplace_update_num_locks: 10000
2022/04/27-00:45:24.529435 7f2c07a06cc0               Options.memtable_prefix_bloom_size_ratio: 0.000000
2022/04/27-00:45:24.529437 7f2c07a06cc0               Options.memtable_whole_key_filtering: 0
2022/04/27-00:45:24.529437 7f2c07a06cc0   Options.memtable_huge_page_size: 0
2022/04/27-00:45:24.529438 7f2c07a06cc0                           Options.bloom_locality: 0
2022/04/27-00:45:24.529439 7f2c07a06cc0                    Options.max_successive_merges: 0
2022/04/27-00:45:24.529439 7f2c07a06cc0                Options.optimize_filters_for_hits: 0
2022/04/27-00:45:24.529440 7f2c07a06cc0                Options.paranoid_file_checks: 0
2022/04/27-00:45:24.529440 7f2c07a06cc0                Options.force_consistency_checks: 1
2022/04/27-00:45:24.529441 7f2c07a06cc0                Options.report_bg_io_stats: 0
2022/04/27-00:45:24.529442 7f2c07a06cc0                               Options.ttl: 2592000
2022/04/27-00:45:24.529442 7f2c07a06cc0          Options.periodic_compaction_seconds: 2592000
2022/04/27-00:45:24.529443 7f2c07a06cc0                    Options.enable_blob_files: false
2022/04/27-00:45:24.529444 7f2c07a06cc0                        Options.min_blob_size: 0
2022/04/27-00:45:24.529445 7f2c07a06cc0                       Options.blob_file_size: 268435456
2022/04/27-00:45:24.529445 7f2c07a06cc0                Options.blob_compression_type: NoCompression
2022/04/27-00:45:24.529446 7f2c07a06cc0       Options.enable_blob_garbage_collection: false
2022/04/27-00:45:24.529447 7f2c07a06cc0   Options.blob_garbage_collection_age_cutoff: 0.250000
2022/04/27-00:45:24.529463 7f2c07a06cc0 [db/column_family.cc:595] --------------- Options for column family [CES]:
2022/04/27-00:45:24.529464 7f2c07a06cc0               Options.comparator: leveldb.BytewiseComparator
2022/04/27-00:45:24.529464 7f2c07a06cc0           Options.merge_operator: None
2022/04/27-00:45:24.529465 7f2c07a06cc0        Options.compaction_filter: filter_outdated
2022/04/27-00:45:24.529466 7f2c07a06cc0        Options.compaction_filter_factory: None
2022/04/27-00:45:24.529467 7f2c07a06cc0  Options.sst_partitioner_factory: None
2022/04/27-00:45:24.529467 7f2c07a06cc0         Options.memtable_factory: SkipListFactory
2022/04/27-00:45:24.529468 7f2c07a06cc0            Options.table_factory: BlockBasedTable
2022/04/27-00:45:24.529478 7f2c07a06cc0            table_factory options:   flush_block_policy_factory: FlushBlockBySizePolicyFactory (0x556db1dc89f0)
  cache_index_and_filter_blocks: 0
  cache_index_and_filter_blocks_with_high_priority: 1
  pin_l0_filter_and_index_blocks_in_cache: 0
  pin_top_level_index_and_filter: 1
  index_type: 0
  data_block_index_type: 0
  index_shortening: 1
  data_block_hash_table_util_ratio: 0.750000
  hash_index_allow_collision: 1
  checksum: 1
  no_block_cache: 0
  block_cache: 0x556db1cfe500
  block_cache_name: LRUCache
  block_cache_options:
    capacity : 8388608
    num_shard_bits : 4
    strict_capacity_limit : 0
    memory_allocator : None
    high_pri_pool_ratio: 0.000
  block_cache_compressed: (nil)
  persistent_cache: (nil)
  block_size: 4096
  block_size_deviation: 10
  block_restart_interval: 16
  index_block_restart_interval: 1
  metadata_block_size: 4096
  partition_filters: 0
  use_delta_encoding: 1
  filter_policy: nullptr
  whole_key_filtering: 1
  verify_compression: 0
  read_amp_bytes_per_bit: 0
  format_version: 4
  enable_index_compression: 1
  block_align: 0
2022/04/27-00:45:24.529518 7f2c07a06cc0        Options.write_buffer_size: 67108864
2022/04/27-00:45:24.529520 7f2c07a06cc0  Options.max_write_buffer_number: 2
2022/04/27-00:45:24.529521 7f2c07a06cc0          Options.compression: NoCompression
2022/04/27-00:45:24.529522 7f2c07a06cc0                  Options.bottommost_compression: Disabled
2022/04/27-00:45:24.529523 7f2c07a06cc0       Options.prefix_extractor: nullptr
2022/04/27-00:45:24.529523 7f2c07a06cc0   Options.memtable_insert_with_hint_prefix_extractor: nullptr
2022/04/27-00:45:24.529524 7f2c07a06cc0             Options.num_levels: 7
2022/04/27-00:45:24.529525 7f2c07a06cc0        Options.min_write_buffer_number_to_merge: 1
2022/04/27-00:45:24.529525 7f2c07a06cc0     Options.max_write_buffer_number_to_maintain: 0
2022/04/27-00:45:24.529526 7f2c07a06cc0     Options.max_write_buffer_size_to_maintain: 0
2022/04/27-00:45:24.529527 7f2c07a06cc0            Options.bottommost_compression_opts.window_bits: -14
2022/04/27-00:45:24.529527 7f2c07a06cc0                  Options.bottommost_compression_opts.level: 32767
2022/04/27-00:45:24.529528 7f2c07a06cc0               Options.bottommost_compression_opts.strategy: 0
2022/04/27-00:45:24.529529 7f2c07a06cc0         Options.bottommost_compression_opts.max_dict_bytes: 0
2022/04/27-00:45:24.529529 7f2c07a06cc0         Options.bottommost_compression_opts.zstd_max_train_bytes: 0
2022/04/27-00:45:24.529530 7f2c07a06cc0         Options.bottommost_compression_opts.parallel_threads: 1
2022/04/27-00:45:24.529531 7f2c07a06cc0                  Options.bottommost_compression_opts.enabled: false
2022/04/27-00:45:24.529531 7f2c07a06cc0            Options.compression_opts.window_bits: -14
2022/04/27-00:45:24.529532 7f2c07a06cc0                  Options.compression_opts.level: 32767
2022/04/27-00:45:24.529533 7f2c07a06cc0               Options.compression_opts.strategy: 0
2022/04/27-00:45:24.529533 7f2c07a06cc0         Options.compression_opts.max_dict_bytes: 0
2022/04/27-00:45:24.529534 7f2c07a06cc0         Options.compression_opts.zstd_max_train_bytes: 0
2022/04/27-00:45:24.529535 7f2c07a06cc0         Options.compression_opts.parallel_threads: 1
2022/04/27-00:45:24.529535 7f2c07a06cc0                  Options.compression_opts.enabled: false
2022/04/27-00:45:24.529536 7f2c07a06cc0      Options.level0_file_num_compaction_trigger: 4
2022/04/27-00:45:24.529537 7f2c07a06cc0          Options.level0_slowdown_writes_trigger: 20
2022/04/27-00:45:24.529537 7f2c07a06cc0              Options.level0_stop_writes_trigger: 36
2022/04/27-00:45:24.529538 7f2c07a06cc0                   Options.target_file_size_base: 67108864
2022/04/27-00:45:24.529539 7f2c07a06cc0             Options.target_file_size_multiplier: 1
2022/04/27-00:45:24.529539 7f2c07a06cc0                Options.max_bytes_for_level_base: 268435456
2022/04/27-00:45:24.529540 7f2c07a06cc0 Options.level_compaction_dynamic_level_bytes: 0
2022/04/27-00:45:24.529541 7f2c07a06cc0          Options.max_bytes_for_level_multiplier: 10.000000
2022/04/27-00:45:24.529542 7f2c07a06cc0 Options.max_bytes_for_level_multiplier_addtl[0]: 1
2022/04/27-00:45:24.529543 7f2c07a06cc0 Options.max_bytes_for_level_multiplier_addtl[1]: 1
2022/04/27-00:45:24.529544 7f2c07a06cc0 Options.max_bytes_for_level_multiplier_addtl[2]: 1
2022/04/27-00:45:24.529544 7f2c07a06cc0 Options.max_bytes_for_level_multiplier_addtl[3]: 1
2022/04/27-00:45:24.529545 7f2c07a06cc0 Options.max_bytes_for_level_multiplier_addtl[4]: 1
2022/04/27-00:45:24.529546 7f2c07a06cc0 Options.max_bytes_for_level_multiplier_addtl[5]: 1
2022/04/27-00:45:24.529584 7f2c07a06cc0 Options.max_bytes_for_level_multiplier_addtl[6]: 1
2022/04/27-00:45:24.529586 7f2c07a06cc0       Options.max_sequential_skip_in_iterations: 8
2022/04/27-00:45:24.529587 7f2c07a06cc0                    Options.max_compaction_bytes: 1677721600
2022/04/27-00:45:24.529588 7f2c07a06cc0                        Options.arena_block_size: 8388608
2022/04/27-00:45:24.529588 7f2c07a06cc0   Options.soft_pending_compaction_bytes_limit: 68719476736
2022/04/27-00:45:24.529589 7f2c07a06cc0   Options.hard_pending_compaction_bytes_limit: 274877906944
2022/04/27-00:45:24.529590 7f2c07a06cc0       Options.rate_limit_delay_max_milliseconds: 100
2022/04/27-00:45:24.529590 7f2c07a06cc0                Options.disable_auto_compactions: 1
2022/04/27-00:45:24.529592 7f2c07a06cc0                        Options.compaction_style: kCompactionStyleLevel
2022/04/27-00:45:24.529592 7f2c07a06cc0                          Options.compaction_pri: kMinOverlappingRatio
2022/04/27-00:45:24.529593 7f2c07a06cc0 Options.compaction_options_universal.size_ratio: 1
2022/04/27-00:45:24.529594 7f2c07a06cc0 Options.compaction_options_universal.min_merge_width: 2
2022/04/27-00:45:24.529594 7f2c07a06cc0 Options.compaction_options_universal.max_merge_width: 4294967295
2022/04/27-00:45:24.529595 7f2c07a06cc0 Options.compaction_options_universal.max_size_amplification_percent: 200
2022/04/27-00:45:24.529596 7f2c07a06cc0 Options.compaction_options_universal.compression_size_percent: -1
2022/04/27-00:45:24.529597 7f2c07a06cc0 Options.compaction_options_universal.stop_style: kCompactionStopStyleTotalSize
2022/04/27-00:45:24.529597 7f2c07a06cc0 Options.compaction_options_fifo.max_table_files_size: 1073741824
2022/04/27-00:45:24.529598 7f2c07a06cc0 Options.compaction_options_fifo.allow_compaction: 0
2022/04/27-00:45:24.529600 7f2c07a06cc0                   Options.table_properties_collectors: 
2022/04/27-00:45:24.529600 7f2c07a06cc0                   Options.inplace_update_support: 0
2022/04/27-00:45:24.529601 7f2c07a06cc0                 Options.inplace_update_num_locks: 10000
2022/04/27-00:45:24.529602 7f2c07a06cc0               Options.memtable_prefix_bloom_size_ratio: 0.000000
2022/04/27-00:45:24.529603 7f2c07a06cc0               Options.memtable_whole_key_filtering: 0
2022/04/27-00:45:24.529604 7f2c07a06cc0   Options.memtable_huge_page_size: 0
2022/04/27-00:45:24.529604 7f2c07a06cc0                           Options.bloom_locality: 0
2022/04/27-00:45:24.529605 7f2c07a06cc0                    Options.max_successive_merges: 0
2022/04/27-00:45:24.529606 7f2c07a06cc0                Options.optimize_filters_for_hits: 0
2022/04/27-00:45:24.529606 7f2c07a06cc0                Options.paranoid_file_checks: 0
2022/04/27-00:45:24.529607 7f2c07a06cc0                Options.force_consistency_checks: 1
2022/04/27-00:45:24.529608 7f2c07a06cc0                Options.report_bg_io_stats: 0
2022/04/27-00:45:24.529608 7f2c07a06cc0                               Options.ttl: 2592000
2022/04/27-00:45:24.529609 7f2c07a06cc0          Options.periodic_compaction_seconds: 2592000
2022/04/27-00:45:24.529610 7f2c07a06cc0                    Options.enable_blob_files: false
2022/04/27-00:45:24.529610 7f2c07a06cc0                        Options.min_blob_size: 0
2022/04/27-00:45:24.529611 7f2c07a06cc0                       Options.blob_file_size: 268435456
2022/04/27-00:45:24.529612 7f2c07a06cc0                Options.blob_compression_type: NoCompression
2022/04/27-00:45:24.529612 7f2c07a06cc0       Options.enable_blob_garbage_collection: false
2022/04/27-00:45:24.529613 7f2c07a06cc0   Options.blob_garbage_collection_age_cutoff: 0.250000
2022/04/27-00:45:24.533407 7f2c07a06cc0 [db/version_set.cc:4798] Recovered from manifest file:/home/ryan/ic-projects/dbank/.dfx/state/replicated_state/node-100/ic_consensus_pool/certification/MANIFEST-000003 succeeded,manifest_file_number is 3, next_file_number is 18, last_sequence is 204, log_number is 14,prev_log_number is 0,max_column_family is 2,min_log_number_to_keep is 0
2022/04/27-00:45:24.533429 7f2c07a06cc0 [db/version_set.cc:4813] Column family [default] (ID 0), log number is 0
2022/04/27-00:45:24.533431 7f2c07a06cc0 [db/version_set.cc:4813] Column family [CE] (ID 1), log number is 11
2022/04/27-00:45:24.533432 7f2c07a06cc0 [db/version_set.cc:4813] Column family [CES] (ID 2), log number is 14
2022/04/27-00:45:24.533524 7f2c07a06cc0 [db/version_set.cc:4112] Creating manifest 18
2022/04/27-00:45:24.537665 7f2c07a06cc0 EVENT_LOG_v1 {"time_micros": 1651034724537661, "job": 1, "event": "recovery_started", "wal_files": [11, 14]}
2022/04/27-00:45:24.537668 7f2c07a06cc0 [db/db_impl/db_impl_open.cc:847] Recovering log #11 mode 2
2022/04/27-00:45:24.537714 7f2c07a06cc0 [db/db_impl/db_impl_open.cc:847] Recovering log #14 mode 2
2022/04/27-00:45:24.555223 7f2c07a06cc0 EVENT_LOG_v1 {"time_micros": 1651034724555199, "cf_name": "CE", "job": 1, "event": "table_file_creation", "file_number": 19, "file_size": 576004, "file_checksum": "", "file_checksum_func_name": "Unknown", "table_properties": {"data_size": 572433, "index_size": 2714, "index_partitions": 0, "top_level_index_size": 0, "index_key_is_user_key": 1, "index_value_is_delta_encoded": 1, "filter_size": 0, "raw_key_size": 134496, "raw_average_key_size": 48, "raw_value_size": 441972, "raw_average_value_size": 157, "num_data_blocks": 141, "num_entries": 2802, "num_deletions": 0, "num_merge_operands": 0, "num_range_deletions": 0, "format_version": 0, "fixed_key_len": 0, "filter_policy": "", "column_family_name": "CE", "column_family_id": 1, "comparator": "leveldb.BytewiseComparator", "merge_operator": "nullptr", "prefix_extractor_name": "nullptr", "property_collectors": "[]", "compression": "NoCompression", "compression_options": "window_bits=-14; level=32767; strategy=0; max_dict_bytes=0; zstd_max_train_bytes=0; enabled=0; ", "creation_time": 1651034724, "oldest_key_time": 0, "file_creation_time": 0, "db_id": "28064e8b-caf7-48ad-9e58-63f938b1543f", "db_session_id": "297FADTTQKF8E6VS4VL7"}}
